45 45 45 45 45 45 45 45 45 45 45 45 45 45 45 45 45 45 45 45 45 45 45 45 45 45 45 45 45 45 45 45 45 45 45 45 45 45 45 45 45 45 45 45 45 45 45 45 45 45 
45 45 45 45 45 45 45 45 45 45 45 45 45 45 45 45 45 45 45 45 45 45 45 45 45 45 45 45 45 45 45 45 45 45 45 45 45 45 45 45 45 45 45 45 45 45 45 45 45 45 
45 45 45 45 45 45 45 45 45 45 45 45 45 45 45 45 45 45 45 45 45 45 45 45 45 45 45 45 45 45 45 45 45 45 45 45 45 45 45 45 45 45 45 45 45 45 45 45 45 45 
45 45 45 45 45 45 45 45 45 45 45 45 45 45 45 45 45 45 45 45 45 45 45 45 45 45 45 45 45 45 45 45 45 45 45 45 45 45 45 45 45 45 45 45 45 45 45 45 45 45 
45 45 45 45 45 45 45 45 45 45 45 45 45 45 45 45 45 45 45 45 45 45 45 45 45 45 45 45 45 45 45 45 45 45 45 45 45 45 45 45 45 45 45 45 45 45 45 45 45 45 
45 45 45 45 45 45 45 45 45 45 45 45 45 45 45 45 45 45 45 45 45 45 45 45 45 45 45 45 45 45 45 45 45 45 45 45 45 45 45 45 45 45 45 45 45 45 45 45 45 45 
45 45 45 45 45 45 45 45 45 45 45 45 45 45 45 45 45 45 45 45 45 45 45 45 45 45 45 45 45 45 45 45 45 45 45 45 45 45 45 45 45 45 45 45 45 45 45 45 45 45 
45 45 45 45 45 45 45 45 45 45 45 45 45 45 45 45 45 45 45 45 45 45 45 45 45 45 45 45 45 45 45 45 45 45 45 45 45 45 45 45 45 45 45 45 45 45 45 45 45 45 
45 45 45 45 45 45 45 45 45 45 45 45 45 45 45 45 45 45 45 45 45 45 45 45 45 45 45 45 45 45 45 45 45 45 45 45 45 45 45 45 45 45 45 45 45 45 45 45 45 45 
45 45 45 45 45 45 45 45 45 45 45 45 45 45 45 45 45 45 45 45 45 45 32 33 33 34 45 45 45 45 45 45 45 45 45 45 45 45 45 45 45 45 45 45 45 45 45 45 45 45 
45 45 45 45 45 45 45 45 45 45 32 33 33 33 33 33 34 45 45 32 33 33 44 37 37 43 33 33 34 45 45 32 33 33 33 33 33 33 33 34 45 45 45 45 45 45 45 45 45 45 
45 45 45 45 45 45 45 45 45 45 36 37 37 37 37 37 43 34 45 36 37 37 37 37 37 37 37 37 38 45 45 36 37 37 37 37 37 37 37 38 45 45 45 45 45 45 45 45 45 45 
45 45 45 45 45 45 45 45 45 45 36 37 37 37 37 37 37 38 45 36 37 37 37 37 37 37 37 37 38 45 45 36 37 37 37 37 37 37 37 38 45 45 45 45 45 45 45 45 45 45 
45 45 45 45 45 45 45 45 45 45 36 37 37 37 37 37 39 42 45 36 37 37 37 37 37 37 37 37 38 45 45 36 37 37 37 39 41 41 41 42 45 45 45 45 45 45 45 45 45 45 
45 45 45 45 45 45 45 45 45 45 36 37 37 37 37 37 38 45 45 36 37 37 37 37 37 37 37 37 43 34 45 36 37 37 37 38 45 45 45 45 45 45 45 45 45 45 45 45 45 45 
45 45 45 45 45 45 45 45 45 45 40 41 41 41 35 37 43 33 33 44 37 37 37 37 37 37 37 37 37 38 45 36 37 37 37 38 45 45 45 45 45 45 45 45 45 45 45 45 45 45 
45 45 45 45 45 45 45 45 45 45 45 45 45 45 36 37 37 37 37 37 37 37 37 37 37 37 37 37 39 42 45 36 37 37 37 43 33 33 33 34 45 45 45 45 45 45 45 45 45 45 
45 45 45 45 45 45 45 45 45 45 45 45 32 33 44 37 37 37 37 37 37 37 37 37 37 37 37 37 38 45 45 36 37 37 37 37 37 37 37 38 45 45 45 45 45 45 45 45 45 45 
45 45 45 45 45 45 45 45 45 45 45 32 44 37 37 37 37 37 37 37 37 37 37 37 37 37 37 37 38 45 45 36 37 37 37 37 37 37 37 38 45 45 45 45 45 45 45 45 45 45 
45 45 45 45 45 45 45 45 45 45 32 44 37 37 37 37 37 37 37 37 37 37 37 37 37 37 37 37 38 45 45 36 37 37 37 37 37 37 39 42 45 45 45 45 45 45 45 45 45 45 
45 45 45 45 45 45 45 45 45 45 36 37 37 37 37 37 37 37 37 37 37 37 37 37 37 37 37 37 43 33 33 44 37 37 37 37 37 37 38 45 45 45 45 45 45 45 45 45 45 45 
45 45 45 45 45 45 45 45 45 45 36 37 37 37 37 37 37 37 37 37 37 37 37 37 37 37 37 37 37 37 37 37 37 37 37 37 37 37 38 45 45 45 45 45 45 45 45 45 45 45 
45 45 45 45 45 45 45 45 45 45 36 37 37 37 37 37 37 37 37 37 37 37 37 37 37 37 37 37 37 37 37 37 37 37 37 37 37 37 43 34 45 45 45 45 45 45 45 45 45 45 
45 45 45 45 45 45 45 45 45 45 36 37 37 37 37 39 41 41 35 37 37 37 37 39 41 41 35 37 37 37 37 37 37 37 37 37 37 37 37 38 45 45 45 45 45 45 45 45 45 45 
45 45 45 45 45 45 45 45 45 45 36 37 37 37 37 38 45 45 36 37 37 37 37 38 45 45 36 37 37 37 37 37 37 37 37 37 37 37 37 38 45 45 45 45 45 45 45 45 45 45 
45 45 45 45 45 45 45 45 45 45 36 37 37 37 37 38 45 45 36 37 37 37 37 38 45 45 36 37 37 37 37 37 37 37 37 37 37 37 37 38 45 45 45 45 45 45 45 45 45 45 
45 45 45 45 45 45 45 45 45 45 36 37 37 39 41 42 45 45 36 37 37 37 37 38 45 45 36 37 37 37 37 37 37 37 37 37 37 37 37 38 45 45 45 45 45 45 45 45 45 45 
45 45 45 45 45 45 45 45 45 32 44 37 37 38 45 45 45 45 40 35 37 37 39 42 45 45 36 37 37 37 37 37 37 37 37 37 37 37 37 38 45 45 45 45 45 45 45 45 45 45 
45 45 45 45 45 45 45 45 45 36 37 37 37 43 33 34 45 45 45 40 41 41 42 45 45 45 36 37 37 37 37 37 37 37 37 37 37 37 37 38 45 45 45 45 45 45 45 45 45 45 
45 45 45 45 45 45 45 45 45 36 37 37 37 37 37 38 45 45 45 45 45 45 45 45 45 45 40 41 41 41 41 41 35 37 37 37 37 37 37 43 34 45 45 45 45 45 45 45 45 45 
45 45 45 45 45 45 45 45 45 40 35 37 37 37 37 38 45 32 33 33 33 33 33 34 45 45 45 45 45 45 45 45 40 35 37 37 37 37 37 37 38 45 45 45 45 45 45 45 45 45 
45 45 45 45 45 45 45 45 45 45 36 37 37 37 37 38 45 36 37 37 37 37 37 38 45 45 45 45 45 45 45 45 45 40 35 37 37 37 37 37 38 45 45 45 45 45 45 45 45 45 
45 45 45 45 45 45 45 45 45 45 36 37 37 37 37 38 45 36 37 37 37 37 37 38 45 45 45 45 32 33 33 34 45 45 36 37 37 37 37 39 42 45 45 45 45 45 45 45 45 45 
45 45 45 45 45 45 45 45 45 45 36 37 37 37 37 38 45 40 35 37 37 37 37 38 45 45 45 32 44 37 37 38 45 45 36 37 37 37 37 38 45 45 45 45 45 45 45 45 45 45 
45 45 45 45 45 45 45 45 45 45 36 37 37 37 37 38 45 45 36 37 37 37 37 38 45 45 32 44 37 37 37 38 45 45 36 37 37 37 37 38 45 45 45 45 45 45 45 45 45 45 
45 45 45 45 45 45 45 45 45 45 36 37 37 37 37 43 33 33 44 37 37 37 37 38 45 45 36 37 37 37 37 38 45 45 36 37 37 37 37 38 45 45 45 45 45 45 45 45 45 45 
45 45 45 45 45 45 45 45 45 45 36 37 37 37 37 37 37 37 37 37 37 37 37 38 45 45 36 37 37 37 37 43 33 33 44 37 37 37 37 38 45 45 45 45 45 45 45 45 45 45 
45 45 45 45 45 45 45 45 45 45 36 37 37 37 37 37 37 37 37 37 37 37 37 38 45 45 36 37 37 37 37 37 37 37 37 37 37 37 37 38 45 45 45 45 45 45 45 45 45 45 
45 45 45 45 45 45 45 45 45 45 36 37 37 37 37 37 37 37 37 37 37 37 37 38 45 45 36 37 37 37 37 37 37 37 37 37 37 37 37 38 45 45 45 45 45 45 45 45 45 45 
45 45 45 45 45 45 45 45 45 45 40 41 41 41 41 41 41 41 41 41 41 41 41 42 45 45 40 41 41 41 41 35 37 37 37 39 41 41 41 42 45 45 45 45 45 45 45 45 45 45 
45 45 45 45 45 45 45 45 45 45 45 45 45 45 45 45 45 45 45 45 45 45 45 45 45 45 45 45 45 45 45 40 41 41 41 42 45 45 45 45 45 45 45 45 45 45 45 45 45 45 
45 45 45 45 45 45 45 45 45 45 45 45 45 45 45 45 45 45 45 45 45 45 45 45 45 45 45 45 45 45 45 45 45 45 45 45 45 45 45 45 45 45 45 45 45 45 45 45 45 45 
45 45 45 45 45 45 45 45 45 45 45 45 45 45 45 45 45 45 45 45 45 45 45 45 45 45 45 45 45 45 45 45 45 45 45 45 45 45 45 45 45 45 45 45 45 45 45 45 45 45 
45 45 45 45 45 45 45 45 45 45 45 45 45 45 45 45 45 45 45 45 45 45 45 45 45 45 45 45 45 45 45 45 45 45 45 45 45 45 45 45 45 45 45 45 45 45 45 45 45 45 
45 45 45 45 45 45 45 45 45 45 45 45 45 45 45 45 45 45 45 45 45 45 45 45 45 45 45 45 45 45 45 45 45 45 45 45 45 45 45 45 45 45 45 45 45 45 45 45 45 45 
45 45 45 45 45 45 45 45 45 45 45 45 45 45 45 45 45 45 45 45 45 45 45 45 45 45 45 45 45 45 45 45 45 45 45 45 45 45 45 45 45 45 45 45 45 45 45 45 45 45 
45 45 45 45 45 45 45 45 45 45 45 45 45 45 45 45 45 45 45 45 45 45 45 45 45 45 45 45 45 45 45 45 45 45 45 45 45 45 45 45 45 45 45 45 45 45 45 45 45 45 
45 45 45 45 45 45 45 45 45 45 45 45 45 45 45 45 45 45 45 45 45 45 45 45 45 45 45 45 45 45 45 45 45 45 45 45 45 45 45 45 45 45 45 45 45 45 45 45 45 45 
45 45 45 45 45 45 45 45 45 45 45 45 45 45 45 45 45 45 45 45 45 45 45 45 45 45 45 45 45 45 45 45 45 45 45 45 45 45 45 45 45 45 45 45 45 45 45 45 45 45 
45 45 45 45 45 45 45 45 45 45 45 45 45 45 45 45 45 45 45 45 45 45 45 45 45 45 45 45 45 45 45 45 45 45 45 45 45 45 45 45 45 45 45 45 45 45 45 45 45 45 
