16 16 16 16 16 16 16 16 16 16 16 16 16 16 16 16 16 16 16 16 16 16 16 16 16 16 16 16 16 16 16 16 16 16 16 16 16 16 16 16 16 16 16 16 16 16 16 16 16 16 
16 16 16 16 16 16 16 16 16 17 16 16 16 16 16 16 16 16 16 16 16 16 16 16 16 16 16 16 16 16 16 16 16 16 16 16 16 16 16 16 16 16 16 16 16 16 16 16 16 16 
16 16 16 16 16 16 16 16 16 16 16 16 16 16 16 16 16 16 16 16 16 16 16 16 16 16 16 16 16 16 16 16 16 16 16 16 16 16 16 16 16 16 16 16 16 16 16 16 16 16 
16 16 16 17 16 16 16 16 16 16 16 16 16 16 16 16 16 16 16 16 16 16 16 16 16 16 16 17 16 16 16 16 16 16 16 17 16 16 16 16 16 16 16 16 16 16 16 16 16 16 
16 16 16 16 16 16 17 16 16 16 16 16 16 16 16 16 16 17 16 16 16 16 17 16 16 16 16 16 16 16 16 16 16 16 16 16 16 16 16 16 16 16 16 16 16 16 16 16 16 16 
16 16 16 16 16 16 16 16 16 16 16 16 17 16 16 16 16 16 16 16 16 16 16 16 16 16 16 16 16 17 16 17 16 16 16 16 16 16 16 16 16 16 16 16 16 16 16 16 16 16 
16 16 16 16 16 16 16 16 26 24 24 24 24 24 24 24 27 16 26 24 24 24 24 24 24 24 24 27 16 16 16 26 24 24 24 24 24 24 24 24 24 24 27 16 16 16 16 16 16 16 
16 17 16 16 16 16 16 16 22 2 2 2 2 2 2 2 23 24 25 2 2 18 19 19 19 20 2 23 24 24 24 25 2 2 12 10 10 10 10 10 10 13 21 16 16 17 16 16 16 16 
16 16 16 16 16 16 16 16 22 2 2 2 2 2 2 2 2 2 2 2 2 42 43 43 43 44 2 2 2 2 2 2 2 2 8 3 3 3 3 3 3 7 21 16 16 16 16 16 16 16 
16 16 16 16 16 16 16 16 22 2 2 2 2 2 2 2 2 2 2 2 2 45 46 46 46 47 2 2 2 2 2 2 2 2 8 3 3 3 3 3 3 7 21 16 16 16 16 17 16 16 
16 16 16 16 16 16 16 16 22 2 2 2 2 2 2 2 2 2 2 2 2 21 16 16 16 22 2 2 2 2 2 2 2 2 8 3 3 3 3 3 3 7 21 17 16 16 16 16 16 16 
16 16 17 16 16 16 16 16 22 2 2 2 2 2 2 2 2 2 2 2 2 23 24 24 24 25 2 2 2 2 2 2 2 2 8 3 3 3 3 3 3 7 21 16 16 16 16 16 16 16 
16 16 16 16 16 17 16 16 22 2 2 2 2 2 2 2 2 2 2 2 2 2 12 10 13 2 2 2 2 2 2 2 2 2 14 5 5 6 3 4 5 15 21 16 16 16 16 16 16 16 
16 16 16 16 16 16 16 16 22 2 2 2 2 2 2 2 2 2 2 2 2 2 8 3 7 2 2 2 2 2 2 2 2 2 2 2 2 8 3 7 18 19 29 16 16 16 17 16 16 16 
16 16 16 16 16 16 16 16 28 20 2 2 2 2 2 2 2 2 2 2 2 2 8 3 7 2 2 2 2 2 2 2 2 2 2 2 2 8 3 7 21 16 16 16 16 16 16 16 16 16 
16 17 16 16 16 16 16 17 16 22 2 2 2 2 2 2 2 2 2 2 2 2 8 3 7 2 2 2 2 2 2 2 2 2 2 2 2 8 3 7 21 17 16 16 16 16 16 16 16 16 
16 16 16 16 16 16 16 16 26 25 2 2 2 2 2 2 2 2 2 2 2 2 8 3 7 2 2 2 2 2 2 2 2 2 2 2 2 8 3 7 21 16 16 17 16 16 16 16 16 16 
16 16 16 16 16 16 16 26 25 2 2 2 2 2 2 2 2 2 2 2 2 2 8 3 7 2 2 2 2 2 2 2 2 2 2 12 10 11 3 7 21 16 16 16 16 16 16 16 16 16 
16 16 16 16 16 16 16 22 2 2 2 2 2 2 2 2 2 2 2 2 2 2 8 3 7 2 2 2 2 2 2 2 2 2 2 8 3 3 3 7 21 16 16 16 16 16 17 16 16 16 
16 16 16 16 16 17 16 22 2 2 2 2 2 2 2 2 2 2 2 2 2 2 8 3 7 2 2 2 2 2 2 2 2 2 2 8 3 4 5 15 21 16 16 16 16 16 16 16 16 16 
16 16 16 16 16 16 16 22 2 2 2 2 2 2 12 10 10 10 10 10 10 10 11 3 9 10 10 10 10 10 10 13 2 12 10 11 3 7 2 2 21 16 16 17 16 16 16 16 16 16 
16 16 16 17 16 16 16 22 2 2 2 2 2 2 8 3 3 3 3 3 3 3 3 3 3 3 3 3 3 3 3 7 2 8 3 3 3 7 2 18 29 16 16 16 16 16 16 16 16 16 
16 16 16 16 16 16 16 22 2 2 2 2 2 2 14 5 5 5 5 5 5 5 6 3 4 5 5 5 5 5 5 15 2 14 5 6 3 7 2 21 16 16 17 16 16 16 16 16 16 16 
16 16 16 16 16 16 16 28 20 2 2 2 2 2 2 2 2 2 2 2 2 2 8 3 7 2 2 2 2 2 2 2 2 2 2 8 3 7 2 21 16 16 16 16 16 16 16 16 16 16 
16 16 16 16 16 16 16 16 22 2 2 2 2 2 2 2 2 2 2 2 2 2 8 3 7 2 2 2 2 2 2 2 2 2 2 8 3 7 2 21 16 16 16 16 16 16 16 16 16 16 
16 16 16 16 16 16 16 26 25 2 2 2 2 2 2 2 2 2 2 2 2 2 8 3 7 2 2 2 2 2 2 2 2 2 2 8 3 7 2 21 16 16 16 16 16 16 17 16 16 16 
16 16 16 17 16 16 16 22 2 2 2 2 2 2 2 2 2 2 2 2 2 2 8 3 9 10 10 10 13 2 2 2 2 2 2 8 3 7 2 21 16 16 16 16 16 16 16 16 16 16 
16 16 16 16 16 16 16 22 2 2 2 2 2 2 2 2 2 2 2 2 2 2 8 3 3 3 3 3 7 2 2 2 2 2 2 8 3 7 2 21 16 16 16 16 16 16 16 16 16 16 
16 16 16 16 16 16 16 22 2 2 2 2 2 2 2 2 2 2 2 2 2 2 8 3 4 5 6 3 7 12 10 10 13 2 2 8 3 7 2 21 16 16 17 16 16 16 16 16 16 16 
16 16 17 16 16 16 16 22 2 2 2 2 2 2 2 2 2 2 2 2 2 2 8 3 7 2 8 3 7 8 3 3 7 2 2 14 5 15 2 21 16 16 16 16 16 16 16 16 16 16 
16 16 16 16 16 16 16 22 2 2 2 2 2 2 2 2 2 2 2 2 2 2 8 3 7 2 8 3 9 11 3 3 7 2 2 2 2 2 18 29 16 16 16 16 16 16 16 16 16 16 
16 16 16 16 16 16 17 28 20 2 2 2 2 2 2 2 2 2 2 2 2 2 8 3 7 2 8 3 3 3 3 3 7 2 2 2 2 2 21 16 17 16 16 16 16 16 16 16 16 16 
16 16 16 16 16 16 16 16 22 2 2 2 2 2 2 2 2 2 2 2 2 2 8 3 7 2 14 5 5 5 5 5 15 2 2 2 2 2 21 16 16 16 16 16 16 16 16 17 16 16 
16 16 16 16 16 16 16 16 22 2 2 2 2 2 2 2 2 2 2 2 2 2 8 3 7 2 2 2 2 2 2 2 2 2 2 2 2 2 21 16 16 16 16 16 16 16 16 16 16 16 
16 16 16 16 17 16 16 16 22 2 2 2 2 2 2 2 2 2 2 2 2 2 8 3 7 2 2 2 2 2 2 2 2 2 2 2 2 2 21 16 16 16 16 16 16 16 16 16 16 16 
16 16 16 16 16 16 16 26 25 2 2 2 2 2 2 2 2 2 2 2 2 2 14 5 15 2 2 2 2 2 2 2 2 2 2 2 2 2 23 27 16 16 16 16 16 16 16 16 16 16 
16 16 16 16 16 16 16 22 2 2 2 2 2 2 2 2 2 2 2 2 2 2 2 2 2 2 2 2 2 2 2 2 2 2 2 2 2 2 2 23 27 16 16 17 16 16 16 16 16 16 
16 16 16 16 16 16 16 22 2 2 2 2 2 2 2 2 2 2 2 2 2 2 2 2 2 2 2 2 2 2 2 2 2 2 2 2 2 2 2 2 21 16 16 16 16 16 16 16 16 16 
16 16 16 16 16 16 16 22 2 2 2 2 2 2 2 2 2 2 2 2 2 2 2 2 2 2 2 2 2 2 2 2 2 2 2 2 2 2 2 2 21 16 16 16 16 16 16 16 16 16 
16 16 16 16 16 16 16 22 2 2 2 2 2 2 2 2 2 2 2 2 2 2 2 2 2 2 2 2 2 2 2 2 2 2 2 2 2 2 2 2 21 16 16 16 16 16 16 16 16 16 
16 16 16 16 16 17 16 22 2 2 2 2 2 2 2 2 2 2 2 2 2 2 2 2 2 2 2 2 2 2 2 2 2 2 2 2 2 2 2 2 21 16 16 16 16 16 16 16 16 16 
16 16 16 16 16 16 16 22 2 2 2 2 2 2 2 18 19 19 20 2 2 2 2 2 2 2 2 18 19 19 20 2 2 2 2 2 2 2 2 2 21 16 16 16 16 16 16 16 16 16 
16 17 16 16 16 16 16 22 2 2 2 2 2 2 18 29 16 16 28 20 2 2 2 2 2 2 18 29 16 16 22 2 2 2 2 2 2 2 2 2 21 16 16 16 16 16 17 16 16 16 
16 16 16 16 16 16 16 28 19 19 19 19 19 19 29 16 16 16 16 28 19 19 19 19 19 19 29 16 16 16 28 20 2 2 2 2 2 2 18 19 29 16 17 16 16 16 16 16 16 16 
16 16 16 16 16 16 16 16 16 16 16 16 16 16 17 16 16 16 16 16 16 16 16 16 16 16 16 16 17 16 16 28 19 19 19 19 19 19 29 16 16 16 16 16 16 16 16 16 16 16 
16 16 16 16 17 16 16 16 16 16 16 16 16 16 16 16 16 16 16 16 16 16 16 16 16 16 16 16 16 16 16 16 17 16 16 16 16 16 16 17 16 16 16 16 16 16 16 16 16 16 
16 16 16 16 16 16 16 16 16 17 16 16 16 16 16 16 16 16 16 16 16 16 16 17 16 16 16 16 16 16 16 16 16 16 16 16 16 16 16 16 16 16 16 16 16 17 16 16 16 16 
16 16 16 16 16 16 16 16 16 16 16 16 16 16 16 16 16 16 16 16 16 16 16 16 16 16 16 16 16 16 16 16 16 16 16 16 16 16 16 16 16 16 16 16 16 16 16 16 16 16 
16 16 16 16 16 16 16 16 16 16 16 16 16 16 16 16 16 16 16 16 16 16 16 16 16 16 16 16 16 16 16 16 16 16 16 16 16 16 16 16 16 16 16 16 16 16 16 16 16 16 
16 16 16 16 16 16 16 16 16 16 16 16 16 16 16 16 16 16 16 16 16 16 16 16 16 16 16 16 16 16 16 16 16 16 16 16 16 16 16 16 16 16 16 16 16 16 16 16 16 16 
